k = 3
Iteration: 0
Centroid list:  [(9.6, 11.1), (8.4, 6.9), (1.2, 11.6)]
Cluster with centroid (9.6, 11.1):    [(6.8, 12.6), (6.0, 19.9), (6.2, 18.5), (7.6, 17.4), (7.8, 12.2), (9.6, 11.1)]
Cluster with centroid (8.4, 6.9):    [(4.4, 6.5), (4.8, 1.1), (6.6, 7.7), (8.2, 4.5), (8.4, 6.9), (9.0, 3.4)]
Cluster with centroid (1.2, 11.6):    [(0.8, 9.8), (1.2, 11.6), (2.8, 9.6), (3.8, 9.9)]
Iteration: 1
Centroid list:  [(7.333333333333333, 15.283333333333333), (6.8999999999999995, 5.016666666666667), (2.15, 10.225)]
Cluster with centroid (7.333333333333333, 15.283333333333333):    [(6.8, 12.6), (6.0, 19.9), (6.2, 18.5), (7.6, 17.4), (7.8, 12.2), (9.6, 11.1)]
Cluster with centroid (6.8999999999999995, 5.016666666666667):    [(4.4, 6.5), (4.8, 1.1), (6.6, 7.7), (8.2, 4.5), (8.4, 6.9), (9.0, 3.4)]
Cluster with centroid (2.15, 10.225):    [(0.8, 9.8), (1.2, 11.6), (2.8, 9.6), (3.8, 9.9)]
