k = 2
Iteration: 0
Centroid list:  [(4.4, 6.5), (0.8, 9.8)]
Cluster with centroid (4.4, 6.5):    [(6.8, 12.6), (4.4, 6.5), (4.8, 1.1), (7.8, 12.2), (6.6, 7.7), (8.2, 4.5), (8.4, 6.9), (9.0, 3.4), (9.6, 11.1)]
Cluster with centroid (0.8, 9.8):    [(0.8, 9.8), (1.2, 11.6), (2.8, 9.6), (3.8, 9.9), (6.0, 19.9), (6.2, 18.5), (7.6, 17.4)]
Iteration: 1
Centroid list:  [(7.288888888888888, 7.333333333333333), (4.057142857142857, 13.814285714285713)]
Cluster with centroid (7.288888888888888, 7.333333333333333):    [(4.4, 6.5), (4.8, 1.1), (6.6, 7.7), (8.2, 4.5), (8.4, 6.9), (9.0, 3.4), (9.6, 11.1)]
Cluster with centroid (4.057142857142857, 13.814285714285713):    [(6.8, 12.6), (0.8, 9.8), (1.2, 11.6), (2.8, 9.6), (3.8, 9.9), (6.0, 19.9), (6.2, 18.5), (7.6, 17.4), (7.8, 12.2)]
Iteration: 2
Centroid list:  [(7.285714285714286, 5.885714285714286), (4.777777777777777, 13.500000000000002)]
Cluster with centroid (7.285714285714286, 5.885714285714286):    [(4.4, 6.5), (4.8, 1.1), (6.6, 7.7), (8.2, 4.5), (8.4, 6.9), (9.0, 3.4)]
Cluster with centroid (4.777777777777777, 13.500000000000002):    [(6.8, 12.6), (0.8, 9.8), (1.2, 11.6), (2.8, 9.6), (3.8, 9.9), (6.0, 19.9), (6.2, 18.5), (7.6, 17.4), (7.8, 12.2), (9.6, 11.1)]
Iteration: 3
Centroid list:  [(6.8999999999999995, 5.016666666666667), (5.26, 13.260000000000002)]
Cluster with centroid (6.8999999999999995, 5.016666666666667):    [(4.4, 6.5), (4.8, 1.1), (6.6, 7.7), (8.2, 4.5), (8.4, 6.9), (9.0, 3.4)]
Cluster with centroid (5.26, 13.260000000000002):    [(6.8, 12.6), (0.8, 9.8), (1.2, 11.6), (2.8, 9.6), (3.8, 9.9), (6.0, 19.9), (6.2, 18.5), (7.6, 17.4), (7.8, 12.2), (9.6, 11.1)]
