k = 4
Iteration: 0
Centroid list:  [(6.2, 18.5), (6.8, 12.6), (2.8, 9.6), (8.2, 4.5)]
Cluster with centroid (6.2, 18.5):    [(6.0, 19.9), (6.2, 18.5), (7.6, 17.4)]
Cluster with centroid (6.8, 12.6):    [(6.8, 12.6), (7.8, 12.2), (9.6, 11.1)]
Cluster with centroid (2.8, 9.6):    [(0.8, 9.8), (1.2, 11.6), (2.8, 9.6), (3.8, 9.9), (4.4, 6.5)]
Cluster with centroid (8.2, 4.5):    [(4.8, 1.1), (6.6, 7.7), (8.2, 4.5), (8.4, 6.9), (9.0, 3.4)]
Iteration: 1
Centroid list:  [(6.599999999999999, 18.599999999999998), (8.066666666666666, 11.966666666666667), (2.6, 9.48), (7.4, 4.720000000000001)]
Cluster with centroid (6.599999999999999, 18.599999999999998):    [(6.0, 19.9), (6.2, 18.5), (7.6, 17.4)]
Cluster with centroid (8.066666666666666, 11.966666666666667):    [(6.8, 12.6), (7.8, 12.2), (9.6, 11.1)]
Cluster with centroid (2.6, 9.48):    [(0.8, 9.8), (1.2, 11.6), (2.8, 9.6), (3.8, 9.9), (4.4, 6.5)]
Cluster with centroid (7.4, 4.720000000000001):    [(4.8, 1.1), (6.6, 7.7), (8.2, 4.5), (8.4, 6.9), (9.0, 3.4)]
